{
    "animationName": "Simple Walking",
    "Hips": [
      [0.001, 0.002, 0.000, 0.999],
      [0.002, -0.001, 0.001, 0.999],
      [0.000, 0.001, -0.002, 0.999],
      [-0.002, 0.000, 0.002, 0.999],
      [-0.001, -0.001, -0.001, 0.999]
    ],
    "LeftLegHipJoint": [
      [0.120, 0.015, 0.145, 0.982],
      [0.085, 0.020, 0.175, 0.980],
      [0.000, 0.000, 0.180, 0.984],
      [-0.085, -0.020, 0.175, 0.980],
      [-0.120, -0.015, 0.145, 0.982]
    ],
    "LeftKnee": [
      [0.350, 0.000, 0.000, 0.937],
      [0.500, 0.000, 0.000, 0.866],
      [0.600, 0.000, 0.000, 0.800],
      [0.500, 0.000, 0.000, 0.866],
      [0.350, 0.000, 0.000, 0.937]
    ],
    "LeftAnkle": [
      [0.080, 0.000, 0.000, 0.997],
      [0.100, 0.000, 0.000, 0.995],
      [0.110, 0.000, 0.000, 0.994],
      [0.100, 0.000, 0.000, 0.995],
      [0.080, 0.000, 0.000, 0.997]
    ],
    "RightLegHipJoint": [
      [-0.120, -0.015, 0.145, 0.982],
      [-0.085, -0.020, 0.175, 0.980],
      [0.000, 0.000, 0.180, 0.984],
      [0.085, 0.020, 0.175, 0.980],
      [0.120, 0.015, 0.145, 0.982]
    ],
    "RightKnee": [
      [0.350, 0.000, 0.000, 0.937],
      [0.500, 0.000, 0.000, 0.866],
      [0.600, 0.000, 0.000, 0.800],
      [0.500, 0.000, 0.000, 0.866],
      [0.350, 0.000, 0.000, 0.937]
    ],
    "RightAnkle": [
      [0.080, 0.000, 0.000, 0.997],
      [0.100, 0.000, 0.000, 0.995],
      [0.110, 0.000, 0.000, 0.994],
      [0.100, 0.000, 0.000, 0.995],
      [0.080, 0.000, 0.000, 0.997]
    ],
    "LowerBack": [
      [0.010, 0.000, 0.000, 1.000],
      [0.015, 0.000, 0.000, 1.000],
      [0.020, 0.000, 0.000, 1.000],
      [0.015, 0.000, 0.000, 1.000],
      [0.010, 0.000, 0.000, 1.000]
    ],
    "MiddleBack": [
      [0.005, 0.000, 0.000, 1.000],
      [0.010, 0.000, 0.000, 1.000],
      [0.015, 0.000, 0.000, 1.000],
      [0.010, 0.000, 0.000, 1.000],
      [0.005, 0.000, 0.000, 1.000]
    ],
    "UpperBack": [
      [0.000, 0.000, 0.000, 1.000],
      [0.005, 0.000, 0.000, 1.000],
      [0.010, 0.000, 0.000, 1.000],
      [0.005, 0.000, 0.000, 1.000],
      [0.000, 0.000, 0.000, 1.000]
    ]
  }
  